3.776443425026973699e+01
3.503922567411157019e+01
3.285712302723332812e+01
2.927673075102534028e+01
2.579384037325587897e+01
2.371797336572640802e+01
2.243830241099120570e+01
2.164307794363491766e+01
2.031946470070672817e+01
1.948844753187811918e+01
1.898639824933045972e+01
1.864913140041900164e+01
1.828825041639907312e+01
1.757308723310198673e+01
1.725459986882616903e+01
1.700261457202734761e+01
1.705594011934566012e+01
1.639939095232669075e+01
1.608921839933932318e+01
1.603766439510139818e+01
1.578594142264591582e+01
1.595470324484760383e+01
1.550275870386609789e+01
1.578536109887123828e+01
1.501939974727028826e+01
1.516606071455472282e+01
1.510276257576411929e+01
1.494040969484866110e+01
1.463050365267706887e+01
1.474853033563889682e+01
1.447512242718257980e+01
1.479473721504629857e+01
1.442865091001757882e+01
1.434911163672737899e+01
1.434434971211295640e+01
1.416539771312060836e+01
1.419220559654797498e+01
1.448775551162643893e+01
1.390554272486983400e+01
1.401728277885034402e+01
1.388384480480989502e+01
1.447301247145962577e+01
1.379038334421054834e+01
1.370837277506370988e+01
1.380420187043709390e+01
1.354449906791436931e+01
1.361971429149744850e+01
1.356132948598706633e+01
1.346020985946218751e+01
1.345903495332019162e+01
1.333794956490605799e+01
1.347051514732874011e+01
1.325626468377391198e+01
1.318958576102730795e+01
1.332551633909051958e+01
1.312516090351944520e+01
1.316759084898396992e+01
1.410058251824954567e+01
1.311211613679797772e+01
1.310348776020048156e+01
1.303881241943910219e+01
1.294906062703690530e+01
1.319342177074568490e+01
1.306837474741276317e+01
1.274768272950880288e+01
1.310509701747022682e+01
1.276987249593197582e+01
1.286846971246896487e+01
1.314491456266543601e+01
1.278524106457964216e+01
1.270806649257367482e+01
1.285123953284220377e+01
1.280774752035121189e+01
1.303550154831832053e+01
1.260680436588048714e+01
1.279486358482173536e+01
1.257685131801518175e+01
1.263365350279353194e+01
1.249897209596838721e+01
1.263453426851566341e+01
1.279298380847580496e+01
1.271819444728875048e+01
1.252059505841480913e+01
1.276524957338467914e+01
1.237609549843665668e+01
1.251172400757931769e+01
1.247778458394557255e+01
1.233679756842300179e+01
1.241251739079756966e+01
1.233194061889052939e+01
1.255367246401639925e+01
1.238486782755538584e+01
1.238197400275448778e+01
1.238556878863594335e+01
1.243302747524122687e+01
1.228743236609535217e+01
1.234227264942216884e+01
1.226189156121929003e+01
1.227658848298011307e+01
1.230309600337597331e+01
