3.832273919278852414e+00
2.191748919236708559e+00
1.570878275566123916e+00
1.324416681597909262e+00
1.196119326669236482e+00
1.114003158364592405e+00
1.063710535403089130e+00
1.019045383584834319e+00
9.804843392538343805e-01
9.461690439047492074e-01
9.191165182711712456e-01
8.958489488259939737e-01
8.738540303537111198e-01
8.550524962646286475e-01
8.386413141063289167e-01
8.249668388955017084e-01
8.140086985180667867e-01
8.019007812572300775e-01
7.931426428175396559e-01
7.837070201780456102e-01
7.749647719797656542e-01
7.668831746572789543e-01
7.599860653944157107e-01
7.526349787463324503e-01
7.461567044483848887e-01
7.410346891890415844e-01
7.356879900711753573e-01
7.300584268295783330e-01
7.241328481434263775e-01
7.207495962221981411e-01
7.161591984490461860e-01
7.127464339186013742e-01
7.076599472930654722e-01
7.030827095959725215e-01
7.001363587709227287e-01
6.952897998699595350e-01
6.934863721808249837e-01
6.900983770295188169e-01
6.870542268451890200e-01
6.822451852904860559e-01
6.809387546356472365e-01
6.784363350833274575e-01
6.758430210744575950e-01
6.726914706865930738e-01
6.696431584985775842e-01
6.692735851290775306e-01
6.650683742646263941e-01
6.625117791936583345e-01
6.595035418061575561e-01
6.580670262655113900e-01
6.542919680148620021e-01
6.524083942446772255e-01
6.502637650508583667e-01
6.472983564960678171e-01
6.451347940978561235e-01
6.421371294152311560e-01
6.412077713345143426e-01
6.373721234167306626e-01
6.352952717852363707e-01
6.335158591802755312e-01
6.295677651452361578e-01
6.265477749986432254e-01
6.260149226680230550e-01
6.227394033625461844e-01
6.212128427573027079e-01
6.198565613866834356e-01
6.169070148264810260e-01
6.161385261562725146e-01
6.120398211803615984e-01
6.114643637278637245e-01
6.104587132180858688e-01
6.079549650145459339e-01
6.090497141301839390e-01
6.047902623023423407e-01
6.036338966346180834e-01
6.014620925762897974e-01
6.011823946876041491e-01
6.003709949446945915e-01
5.990913695472632750e-01
5.978089488898130632e-01
5.946715531222899198e-01
5.957968254974191913e-01
5.940836806732864295e-01
5.936425869314475579e-01
5.936993859460510947e-01
5.914936202245596464e-01
5.885508306445419446e-01
5.911203656282582042e-01
5.891487630384771856e-01
5.870498379729529592e-01
5.853938395458508914e-01
5.828475185777102219e-01
5.827615649263245823e-01
5.857018340873830775e-01
5.826423311580503084e-01
5.816706113500558217e-01
5.794971577268536178e-01
5.802299648910405061e-01
5.803696216045808320e-01
5.787726794576161238e-01
