5.947983340421976806e+01
5.934105762445219057e+01
5.917341512272290061e+01
5.895123326210030967e+01
5.864903614229740469e+01
5.825027873213264229e+01
5.776409333109774025e+01
5.722363670803324709e+01
5.664694342333024935e+01
5.605769548806273406e+01
5.546914601034104209e+01
5.489471885326998546e+01
5.433179136739158821e+01
5.378517113256737758e+01
5.323149531569623605e+01
5.268915275129656806e+01
5.216858525816896019e+01
5.167019178449903904e+01
5.118988295511057629e+01
5.074650031012355811e+01
5.033296577562904872e+01
4.994697133153499635e+01
4.958814262437425668e+01
4.925595861335694536e+01
4.894107250124844199e+01
4.864108866956641464e+01
4.835649890917478189e+01
4.808908724395227807e+01
4.783356505211546050e+01
4.759128441344758187e+01
4.735971380172804857e+01
4.713624305989032592e+01
4.692149158832334876e+01
4.671045827612816481e+01
4.650754217542298363e+01
4.630819657540571654e+01
4.611344272156702573e+01
4.592437083345271276e+01
4.573575033773444432e+01
4.555252841225178173e+01
4.537191200780819855e+01
4.519132128707833118e+01
4.501168161716128679e+01
4.483157310151837294e+01
4.464891432053783404e+01
4.446547515258048833e+01
4.427711769715845236e+01
4.408059821944557655e+01
4.388176547853088039e+01
4.367479407126113955e+01
4.346709680410238974e+01
4.325558917363067479e+01
4.303909938658530621e+01
4.282002447809959023e+01
4.259907417587857026e+01
4.237611144231422600e+01
4.215166074646288052e+01
4.192513910783272024e+01
4.169931225222475035e+01
4.146984792161671862e+01
4.124143967611541228e+01
4.100962095594699974e+01
4.077578935918283776e+01
4.054462547634165759e+01
4.004143636373447634e+01
3.950271467577243811e+01
3.896388665762004422e+01
3.843024198240757983e+01
3.789896000701373424e+01
3.737853882517983095e+01
3.687718854276840119e+01
3.638958642098246088e+01
3.591776037119953457e+01
3.546690209471161381e+01
3.502665589560170645e+01
3.459459125113454547e+01
3.417825670537857974e+01
3.377199344284880311e+01
3.337851443663859641e+01
3.299694128395621107e+01
3.262060924344368829e+01
3.225434934796055586e+01
3.189637317274664952e+01
3.162169030777052825e+01
3.126732414072403188e+01
3.090774620498790881e+01
3.055581180824307452e+01
3.019642761811061149e+01
2.983340539998215490e+01
2.947698509850950188e+01
2.911836509796410155e+01
2.876264716553639289e+01
2.840569569736734223e+01
2.804560428775918624e+01
2.769576494359505148e+01
2.733658309422000343e+01
2.697562713521160660e+01
2.662763512800542642e+01
2.629300806503636423e+01
2.594755360947140943e+01
