5.734227371863511280e+01
5.508896966045384147e+01
5.096820402061246114e+01
4.815878412459679936e+01
4.623020484032460331e+01
4.462206348532116351e+01
4.301669206838187165e+01
4.131956957922544404e+01
3.949841595423678342e+01
3.766906126628110485e+01
3.594916683207446084e+01
3.439358814220963723e+01
3.298861299747603937e+01
3.171481605578518881e+01
3.057407625897691261e+01
2.954014510049335485e+01
2.860907281261490454e+01
2.775766489781209145e+01
2.698669379447980177e+01
2.627800194614005491e+01
2.562374162698668911e+01
2.501670494950134938e+01
2.445343432418509977e+01
2.392541885084817110e+01
2.342998164759506352e+01
2.296165472371150429e+01
2.251811412091784703e+01
2.209461616606286682e+01
2.169355260303311539e+01
2.130901304113600858e+01
2.094623001393449258e+01
2.059887812653479600e+01
2.026668812752549442e+01
1.995373583977757193e+01
1.965378886397502001e+01
1.936925734315018133e+01
1.909638807525267978e+01
1.883641074848526031e+01
1.858910810924619739e+01
1.835241514990553924e+01
1.812506745609124792e+01
1.790816129928976963e+01
1.770075226552079428e+01
1.750153960084472970e+01
1.731079081635832040e+01
1.712744262087262470e+01
1.695100774724501846e+01
1.678099569769598176e+01
1.661655843220583506e+01
1.645805034520910226e+01
1.630642303658342485e+01
1.615894896421247395e+01
1.601713759598246156e+01
1.588016802335377164e+01
1.574703618403515826e+01
1.561862723788352980e+01
1.549357292232789618e+01
1.537263035985023052e+01
1.525559192791597418e+01
1.514169964519333789e+01
1.503121642384363632e+01
1.492369755605339243e+01
1.481912277728926775e+01
1.471767528443949580e+01
1.401882283286038522e+01
1.331041095141917197e+01
1.276007556032008416e+01
1.226612228898394008e+01
1.179074308869299337e+01
1.134357741433817424e+01
1.094264066525689927e+01
1.060112832027852825e+01
1.033575236254795904e+01
1.012479051685926379e+01
9.950186610016388045e+00
9.803604464787820660e+00
9.674530357774377975e+00
9.560913224316198722e+00
9.456686749706021189e+00
9.359872005254604943e+00
9.268028443828201901e+00
9.182806847990111265e+00
9.100014222421211940e+00
9.020790227129431571e+00
8.945650132591140391e+00
8.873849697655545654e+00
8.805286607115208497e+00
8.741337492250266905e+00
8.680105276812227544e+00
8.623051990428157509e+00
8.569687745047740890e+00
8.520745422789039125e+00
8.474762439820953119e+00
8.433054430920961408e+00
8.392955279676161950e+00
8.355224507928756594e+00
8.321178818782779985e+00
8.286898519763761684e+00
8.254188733829995073e+00
8.222488181637555016e+00
