5.767732877969967831e+01
5.675776500583719297e+01
5.358262261585228003e+01
5.036111745204438961e+01
4.819254516372348007e+01
4.655471607382434485e+01
4.507617997293684908e+01
4.348686091291060052e+01
4.175030923432484542e+01
3.992788105568509138e+01
3.811731027051494181e+01
3.644126476353356026e+01
3.492092111125192844e+01
3.353233027148957035e+01
3.228915628280396533e+01
3.116141988369886562e+01
3.014857965750251267e+01
2.922104215174818975e+01
2.838818117231853222e+01
2.762606384624873002e+01
2.692725153301239871e+01
2.628225759123205307e+01
2.568544373911054279e+01
2.513003564132403156e+01
2.461207833052606730e+01
2.412582815437110639e+01
2.366552673107972993e+01
2.322875683000466651e+01
2.281445676633518360e+01
2.241916708767444888e+01
2.204028575154079306e+01
2.167724061761320442e+01
2.132888052394206113e+01
2.099544025815204762e+01
2.067588449485498359e+01
2.037139058588533658e+01
2.007955210974695248e+01
1.979945647133788356e+01
1.953158182303631918e+01
1.927634560513144635e+01
1.903104761669622746e+01
1.879635705272466950e+01
1.857088152821776106e+01
1.835443886280371473e+01
1.814663974965827720e+01
1.794771022965060325e+01
1.775632843357101720e+01
1.757178952005294903e+01
1.739419067244839923e+01
1.722340394146215203e+01
1.705791899348767160e+01
1.689886844507307018e+01
1.674518221978686938e+01
1.659672704471923765e+01
1.645256398420681521e+01
1.631350157939905543e+01
1.617903331987542970e+01
1.604862457652583885e+01
1.592185667025568208e+01
1.579881867447080523e+01
1.567967107975833585e+01
1.556353027607002915e+01
1.545096614158358328e+01
1.534168940776200074e+01
1.464007173344521462e+01
1.389355834647767196e+01
1.326985663403665505e+01
1.276092129728229274e+01
1.227228714558600586e+01
1.180068431250642114e+01
1.136066992361793915e+01
1.097648765548884775e+01
1.066056771817108739e+01
1.041832464901775879e+01
1.022913175454326051e+01
1.006993153057989687e+01
9.935280847985298536e+00
9.819862280749971362e+00
9.713173389470359353e+00
9.616224222589341508e+00
9.523406404745003329e+00
9.438531999394999872e+00
9.354502121387765712e+00
9.273395651130092787e+00
9.195287740638935503e+00
9.119895382553169227e+00
9.047082708004115403e+00
8.977069901726519419e+00
8.909158024008199561e+00
8.844771522488297677e+00
8.784241385631949228e+00
8.727377439357265843e+00
8.673624266830870511e+00
8.623215379082591170e+00
8.576947486699909362e+00
8.534282806279930966e+00
8.495159369549281081e+00
8.458691927908304820e+00
8.424632957245716369e+00
8.392242074317877609e+00
