5.658020169680938238e+00
5.606749071414957264e+00
5.595458636596864821e+00
5.578227142516777093e+00
5.567392043262518797e+00
5.553141296834160023e+00
5.550355306570665448e+00
5.537809766177191229e+00
5.534628541571140481e+00
5.511229990200653184e+00
5.508059717224894847e+00
5.512515067779917288e+00
5.506040617531711590e+00
5.481204386662896333e+00
5.471869123474751184e+00
5.473327711953770880e+00
5.477218783837600746e+00
5.472130241486075519e+00
5.456870073443993441e+00
5.467045615704414274e+00
5.452650144423733636e+00
5.431988903783168787e+00
5.432927273575810290e+00
5.420948990538411394e+00
5.415431133437823341e+00
5.404630674885074093e+00
5.401676008543901730e+00
5.403657195030992177e+00
5.400704371422007100e+00
5.384978163368488779e+00
5.392040474145991524e+00
5.399240139146809447e+00
5.372440607023716730e+00
5.371664391439738395e+00
5.364019183682523284e+00
5.385856649001185659e+00
5.364829120389530637e+00
5.355090595852471047e+00
5.385512880717089779e+00
5.347802953199577658e+00
5.351914505731035554e+00
5.364552714719259541e+00
5.333785038802817624e+00
5.328092748560750991e+00
5.316878610908773339e+00
5.348800212402148091e+00
5.319704567289064379e+00
5.322378605458891521e+00
5.320867113323422437e+00
5.311494737727088911e+00
5.309407767112541698e+00
5.317840097248319964e+00
5.311035005388747621e+00
5.299100597619772479e+00
5.298576480111553799e+00
5.288982894430753312e+00
5.300765088984544349e+00
5.284219764573705014e+00
5.285966773198425450e+00
5.266824967134799529e+00
5.276501704050413188e+00
5.299458914412234378e+00
5.274619516384229101e+00
5.264237901436212397e+00
5.270783989893725874e+00
5.258574304303879288e+00
5.246071889376673347e+00
5.264348819013801695e+00
5.261759964332689776e+00
5.251040787235574214e+00
5.252048246421423094e+00
5.247862228826098985e+00
5.250835135615643523e+00
5.258391594601302010e+00
5.243641911342295181e+00
5.230069223949389112e+00
5.244673456145884316e+00
5.221731289519572883e+00
5.234367951433550381e+00
5.233153842848079051e+00
5.223739737999818722e+00
5.224836494071237070e+00
5.222022026606384593e+00
5.236631654881043652e+00
5.220156687270068652e+00
5.196545948503291434e+00
5.206266208099650683e+00
5.218862376997112307e+00
5.219873309154976937e+00
5.212808226142189305e+00
5.202528522527194887e+00
5.194130606341925471e+00
5.198482281876088074e+00
5.199717874108684690e+00
5.201650774192414950e+00
5.194033286598716437e+00
5.190858143623730214e+00
5.181044463805187128e+00
5.188092802570240636e+00
5.178232721576219610e+00
