2.328829708080993299e+01
1.083693511367799900e+01
1.005463219654493123e+01
9.535937241136993592e+00
9.155710691947147595e+00
8.885635064523381033e+00
8.597034236896039516e+00
8.392596109539720572e+00
8.249171495127953335e+00
8.021493398443233502e+00
7.897560241823774696e+00
7.803369631078798996e+00
7.868874453285882531e+00
7.556352964684655227e+00
7.532851145371023627e+00
7.423141540981158748e+00
7.371242579335633316e+00
7.361339934086517545e+00
7.200120514336318500e+00
7.159877626450336763e+00
7.060997420231327482e+00
7.079319950074661527e+00
7.020005000516160720e+00
6.935511195837912979e+00
6.856422436910445839e+00
6.778127509263761397e+00
6.858861497319799660e+00
6.713981244877487597e+00
6.707852542690864617e+00
6.581799677966711393e+00
6.583996004041843264e+00
6.549890434416759000e+00
6.546111122387888059e+00
6.475493054665441228e+00
6.473664536067988529e+00
6.497421533623175982e+00
6.479033176285821760e+00
6.476751942310367660e+00
6.332482057255512053e+00
6.280723282357831394e+00
6.315960402915454353e+00
6.357001098329211786e+00
6.221542400234230108e+00
6.223463875658663547e+00
6.194031413417575571e+00
6.221405697591051442e+00
6.131816575811567915e+00
6.094971577540570173e+00
6.249047878062620853e+00
6.075324497092848830e+00
6.040788245801589795e+00
6.069043343821764580e+00
6.029188693237249375e+00
5.953939116894730432e+00
6.009765732959695406e+00
5.950042656440969857e+00
6.039634317507617922e+00
5.947895695795438087e+00
6.005316678498372696e+00
5.916375550423529361e+00
5.892944331041035433e+00
5.867932517834767658e+00
5.811937707826544397e+00
6.011986906365226702e+00
5.810665624867340284e+00
5.803790518440163915e+00
5.798325308997367422e+00
5.775086194505277604e+00
5.796736558258542615e+00
5.771668702316056887e+00
5.735412123832803744e+00
5.766589002038046807e+00
5.730083797938913648e+00
5.725659653469193699e+00
5.691639873810086847e+00
5.716092940172375236e+00
5.672228907347217408e+00
5.775732017022422227e+00
5.651524735204588978e+00
5.668157856952893425e+00
5.609612420197199967e+00
5.879056328433431844e+00
5.626585715481578376e+00
5.622528082322761911e+00
5.652196199933603893e+00
5.546428495571197104e+00
5.599872646283357902e+00
5.671659530030124685e+00
5.581925264609193249e+00
5.598817212102533247e+00
5.541644559440104700e+00
5.543324892474688070e+00
5.572444002332503032e+00
5.631229004162842777e+00
5.543690045932372357e+00
5.500462334840316103e+00
5.465555500606502193e+00
5.497230155762198756e+00
5.491493999592040431e+00
5.563700843939991536e+00
