4.842586257601236355e+01
4.833624190132924525e+01
4.823919432042092126e+01
4.812391308860063788e+01
4.797950571522200391e+01
4.779309617886880801e+01
4.755623928744562079e+01
4.726733632612643987e+01
4.693626184954344183e+01
4.657745840437124230e+01
4.619911801129661200e+01
4.580645709205474247e+01
4.540862152115609973e+01
4.501093824687709599e+01
4.462112041640421012e+01
4.423742636336280043e+01
4.385924844452120652e+01
4.347694574298542136e+01
4.309542746393982071e+01
4.272074509545139875e+01
4.235551169382630832e+01
4.199914117215200804e+01
4.165065307969756958e+01
4.131826472819439289e+01
4.100222331685888832e+01
4.070564967965260905e+01
4.042472464163951429e+01
4.015926478740644967e+01
3.990911666352854326e+01
3.967097120467052918e+01
3.944364954166229609e+01
3.922499599389946923e+01
3.901548556918497468e+01
3.881285119922332427e+01
3.861921351251447732e+01
3.843281718626548127e+01
3.825312503574549794e+01
3.808066024229601254e+01
3.791358301933532005e+01
3.775417877668098043e+01
3.759920415623818002e+01
3.744717456948456658e+01
3.729847520279904671e+01
3.715516682662403980e+01
3.701463399936034904e+01
3.687585118070260393e+01
3.674129259955341098e+01
3.660919209994264634e+01
3.647879900262746844e+01
3.635167831989136289e+01
3.622667723966137032e+01
3.610395147275071537e+01
3.598262242130250144e+01
3.586130633693475289e+01
3.574153231183168344e+01
3.562195884788994960e+01
3.550248316525281211e+01
3.538203933651191591e+01
3.526196481474676858e+01
3.514069743914124899e+01
3.501722060001316805e+01
3.489093491292459248e+01
3.476129802175932326e+01
3.462507201548796587e+01
3.429609331252136428e+01
3.393090874623958797e+01
3.355953873230070172e+01
3.318261682762732789e+01
3.280439183501363232e+01
3.242721183400564655e+01
3.205344096908169860e+01
3.168442714111215253e+01
3.132467650516217006e+01
3.097272333414477785e+01
3.062554925264221950e+01
3.028723343717985728e+01
2.995384992818573267e+01
2.962847909980376571e+01
2.930474017654291785e+01
2.898668387235144550e+01
2.867042166367642864e+01
2.835807579139405377e+01
2.805464475218650833e+01
2.775290514467366165e+01
2.758093794919452790e+01
2.737934005165331897e+01
2.709197469707892125e+01
2.680154459512057485e+01
2.651145105740699748e+01
2.621550142908776238e+01
2.591685716473858747e+01
2.562278300097891304e+01
2.535520083697605287e+01
2.506616637509140233e+01
2.476437705622831231e+01
2.456926990413618128e+01
2.426729396783149895e+01
2.396025640879368623e+01
2.365556490047364591e+01
2.334308831099762926e+01
