8.671675498022292317e+00
6.532260208205861396e+00
5.905201492721912082e+00
5.572775858720058650e+00
5.380735599722011209e+00
5.256675615429537984e+00
5.109242258510690249e+00
5.007346049263269094e+00
4.915902826280059479e+00
4.886645016914793693e+00
4.793087675465230291e+00
4.732249675025355096e+00
4.667905307229538892e+00
4.626204305614969314e+00
4.568129721435832735e+00
4.519225306624426786e+00
4.451198432121900694e+00
4.390607086828119066e+00
4.346921002784250199e+00
4.425514884317100162e+00
4.449137791051573032e+00
4.284435075947345517e+00
4.286713455307548770e+00
4.225429559357861464e+00
4.198083119206551750e+00
4.161701344361204313e+00
4.132944157393874107e+00
4.113403380766759376e+00
4.093972973497312040e+00
4.146509895089131703e+00
4.089609202923305986e+00
4.053788785020129737e+00
4.041513937622189800e+00
4.024351589369124405e+00
4.012667399680149849e+00
3.972558401786448812e+00
3.941534954422469372e+00
3.926580121461181072e+00
3.968041477992245714e+00
3.960495114558069130e+00
3.908803900757056748e+00
3.886593778795683463e+00
3.920599608395658908e+00
3.900042970308793766e+00
3.863529450805575305e+00
3.856428917315953164e+00
3.930759928166338124e+00
3.847972153666005646e+00
3.840818267853824519e+00
3.920701115731282993e+00
3.945032636310827900e+00
3.917360086196745250e+00
3.838952666370812228e+00
3.858342973851581981e+00
3.841305967568284352e+00
3.790284722884027069e+00
3.778891690311362517e+00
3.769823255759556790e+00
3.836910930670806685e+00
3.902565917471496615e+00
3.773517066219346461e+00
3.790247827717367901e+00
3.840106177432351053e+00
3.783354531594638637e+00
3.747592978772394279e+00
3.775487435418700688e+00
3.910358395029168044e+00
3.753572223623019788e+00
3.838446424173128424e+00
3.734008213855954050e+00
3.780417406231738831e+00
3.793973753385859293e+00
3.727479550289480414e+00
3.718284536695487752e+00
3.732283393504537639e+00
3.747792854631125437e+00
3.712334887907744907e+00
3.686907310912540758e+00
3.718382338346732485e+00
3.674777441101111819e+00
3.623721656784590461e+00
3.679805001843818868e+00
3.646382435092198282e+00
3.615630441246743487e+00
3.606188212825725881e+00
3.642402709728081334e+00
3.623388983724751711e+00
3.618638940064453191e+00
3.571430452645550258e+00
3.580915259816100260e+00
3.559046291542804052e+00
3.527262819517638981e+00
3.536083448319787603e+00
3.522906519091115296e+00
3.495448481248271122e+00
3.499395411934346889e+00
3.513921410292254688e+00
3.532237771830878170e+00
3.526199579778383608e+00
3.510172283119092018e+00
