2.945794091886747523e+01
2.725804999160744657e+01
2.540820972460571525e+01
2.261239180178344199e+01
2.016436499322314546e+01
1.821192450614426761e+01
1.684975477210818084e+01
1.599764532923367177e+01
1.526258986113221638e+01
1.477799690976043578e+01
1.426995012269479979e+01
1.383993806585043451e+01
1.357497762208378411e+01
1.317417531771010175e+01
1.302774876759308853e+01
1.267235829086166277e+01
1.259294468000277689e+01
1.243434166796916962e+01
1.217940068072566007e+01
1.206367364552966670e+01
1.187554828886359104e+01
1.178352929404169913e+01
1.165252680693570575e+01
1.146329425007281166e+01
1.133114000634491880e+01
1.124486616033234831e+01
1.114480560334107651e+01
1.111685413106208564e+01
1.098077923230877140e+01
1.095062150600660900e+01
1.090274619371412612e+01
1.082424526152497712e+01
1.071924296522778164e+01
1.067129511045622969e+01
1.060911208811989326e+01
1.052092737296289116e+01
1.045713194781316879e+01
1.047868961717282588e+01
1.038097400627973421e+01
1.030896954580170899e+01
1.026932411212390228e+01
1.026581899718128099e+01
1.019610000020320761e+01
1.020026256501888895e+01
1.010267669595762641e+01
1.002643876087435615e+01
1.005314285489911263e+01
9.966208997215447951e+00
9.979297519502175362e+00
9.956238465647304636e+00
9.957588099383311686e+00
9.908424850223896740e+00
9.837558155436624929e+00
9.759061421097070976e+00
9.774600180116122417e+00
9.763146835873740770e+00
9.686931630397372928e+00
9.653275631377320920e+00
9.668801876221509772e+00
9.657224581617468218e+00
9.556861481902355848e+00
9.581344085422479395e+00
9.544968019273545323e+00
9.510237633179881911e+00
9.475001033962605845e+00
9.477719460351345049e+00
9.399773064369568942e+00
9.406954269887469522e+00
9.425460987756590470e+00
9.364218556130685656e+00
9.358992208988139438e+00
9.335798178295467764e+00
9.292605434626661776e+00
9.280168350148018774e+00
9.285988404351950720e+00
9.281966789402980922e+00
9.250933051737641577e+00
9.226540873181406255e+00
9.204331394466036542e+00
9.182374060324249854e+00
9.196872624128181073e+00
9.151966456902700386e+00
9.183022560239777476e+00
9.139380566480264534e+00
9.160754655280948455e+00
9.109246565411664776e+00
9.091754278128334477e+00
9.069925236807714342e+00
9.094656339632614106e+00
9.076543234790745984e+00
9.053834583570241179e+00
9.030280972061998312e+00
9.036849043619671562e+00
8.998596378215149016e+00
9.004838468291657350e+00
8.954817699367302097e+00
8.971051131395821443e+00
8.913939640349960669e+00
8.916515949277448172e+00
8.906245417372403494e+00
