8.113358979727633979e+00
6.188917360878661178e+00
5.513581734157559033e+00
5.247692993371374293e+00
4.932144946646637607e+00
4.744847248285142705e+00
4.569477563110526219e+00
4.490060366240761880e+00
4.413144914417689080e+00
4.286021914295409907e+00
4.275698202340575627e+00
4.156160853060641536e+00
4.116448659493541662e+00
4.073375769956339987e+00
4.039604219917587002e+00
3.976678608682085336e+00
3.970977057138476596e+00
3.927575915303287868e+00
3.885393121951430828e+00
3.839949101378568042e+00
3.821128858569270204e+00
3.808814887102684565e+00
3.753302862766951797e+00
3.726356600161947252e+00
3.765329888768980116e+00
3.722065413195645878e+00
3.682542052024198487e+00
3.657389158984132305e+00
3.654916564046939875e+00
3.611732892416827045e+00
3.599512227918405749e+00
3.580834634447391807e+00
3.561837508742343950e+00
3.551955770573763438e+00
3.536576034377291844e+00
3.524965440441403697e+00
3.506405423809276556e+00
3.469259375161638292e+00
3.498327450649816317e+00
3.471038993688481344e+00
3.459542844119956051e+00
3.473808617555001366e+00
3.458643155663770230e+00
3.435069019683926417e+00
3.471935520411109533e+00
3.426585674424834860e+00
3.441199940901759735e+00
3.380234082926647510e+00
3.380693871630586322e+00
3.367409704786565428e+00
3.345583451689168708e+00
3.515351172938154356e+00
3.439511667250638727e+00
3.362173551471337341e+00
3.329596102857247164e+00
3.337854363042044969e+00
3.323425573394600985e+00
3.336314048239599650e+00
3.313430058292824221e+00
3.326647156601288735e+00
3.540581612560118163e+00
3.340465833244862015e+00
3.303820521660966847e+00
3.319585713306983266e+00
3.281163477972190545e+00
3.276289659548480504e+00
3.290488619578379570e+00
3.268736236896304881e+00
3.257299160660497961e+00
3.313252542895216202e+00
3.234227128091526460e+00
3.237394321454058588e+00
3.228834783598162783e+00
3.228149093385104695e+00
3.243938689856306290e+00
3.216654457517952537e+00
3.217406555975852900e+00
3.202696459165663700e+00
3.203085984619018500e+00
3.201870196287635029e+00
3.209582989655831664e+00
3.227236745508287541e+00
3.284943554216644301e+00
3.175916767806255869e+00
3.182189461567359157e+00
3.182872252125291013e+00
3.162167664537958611e+00
3.185191781883228490e+00
3.192777315701347707e+00
3.186570256439849036e+00
3.176891091067277184e+00
3.156108711542656042e+00
3.148061723820719138e+00
3.140512742245009203e+00
3.137671175795103018e+00
3.136457355754970866e+00
3.132018277888183544e+00
3.130306203051002267e+00
3.127234357022907751e+00
3.120162671820506439e+00
