3.098163815408305410e+01
2.313511041323023676e+01
1.966901303756932151e+01
1.901540273623677280e+01
1.719986633296671030e+01
1.575059786682939489e+01
1.467761607512230349e+01
1.852211362111832571e+01
1.561305159311504731e+01
1.343890759607424812e+01
1.269678238164773454e+01
1.231139510906272605e+01
1.379748755669837124e+01
1.227756759416130983e+01
1.228179151661969293e+01
1.110172428457392435e+01
1.131745984503677427e+01
1.144475084934744302e+01
1.023694239860657795e+01
1.128977327746010317e+01
1.311467667608885890e+01
1.084876875144322028e+01
1.163841504044863662e+01
9.976194320248108482e+00
9.956928730680838058e+00
1.027640331185451927e+01
9.501268644113416428e+00
9.666294830018353323e+00
9.380555694231833996e+00
9.702083526765706623e+00
1.002743909969731817e+01
9.057854059251162937e+00
9.014544689470378458e+00
9.850851658150665102e+00
9.616091334664693235e+00
9.128959102298386696e+00
8.790722456274195906e+00
8.658315656096176482e+00
8.581435709319373828e+00
8.769436951823648130e+00
8.481824330238772802e+00
9.032291632523037350e+00
8.661641471727035579e+00
8.432610990807559048e+00
9.080556048486981169e+00
1.002567979925102470e+01
8.966024442698834918e+00
8.308833263884293885e+00
9.297462643078935329e+00
8.806713172624707653e+00
8.721509749190181182e+00
8.583673040896705686e+00
8.211299483374974173e+00
8.961087238901560781e+00
8.283758071123154210e+00
8.084436658088904437e+00
8.128919361749739281e+00
8.266140902131525081e+00
8.530052114462032264e+00
8.184951245778988138e+00
7.979195334607513068e+00
1.025603581326574520e+01
8.859969910774488255e+00
8.292740119354688133e+00
7.821539148351186022e+00
8.056413774232222380e+00
7.592222682178446647e+00
8.386998405741429963e+00
7.569862451312299179e+00
7.601501827588191595e+00
8.581112807800318265e+00
8.282200782522517457e+00
7.741424742523768110e+00
7.541045582200814223e+00
8.279921801506684886e+00
8.123655854320144698e+00
7.784910839283694983e+00
8.162180059541254806e+00
7.896708494635475084e+00
7.669008797391067667e+00
7.473089551190726709e+00
7.360067432888546257e+00
7.867043137487184090e+00
7.380661037212981057e+00
7.432668765873200023e+00
7.555162961637308605e+00
7.199742466201164426e+00
8.950978759528377182e+00
7.537802477129094569e+00
7.753166558236321393e+00
7.416177324008501159e+00
7.338632507329379884e+00
7.274566710679193804e+00
7.424992838144021334e+00
7.223455286081426507e+00
7.392506838563576821e+00
7.976574835780263051e+00
7.237150242315678383e+00
7.116643465584336248e+00
7.186244901808463759e+00
