2.334467385486968283e+01
1.087809210520991421e+01
1.006270842845404090e+01
9.477063363339166102e+00
9.089526389765998360e+00
8.810614271264597619e+00
8.676031558048057590e+00
8.354473865089307338e+00
8.236680949307055855e+00
8.034682881048885505e+00
7.954415543604534733e+00
7.792544528375866086e+00
7.697782897892810006e+00
7.668265860973084713e+00
7.567709697393320667e+00
7.454697138510753440e+00
7.400874630383375674e+00
7.281494046251523855e+00
7.201671199398520962e+00
7.124343784897518184e+00
7.079519565961453154e+00
7.037818913513043562e+00
7.035168105903100155e+00
6.963460739348130701e+00
6.883015512617850717e+00
6.790647735473245739e+00
6.837137110947701046e+00
6.789145957996220559e+00
6.728262017240753678e+00
6.781464873801344773e+00
6.623318659559769728e+00
6.591251942270694109e+00
6.528979980105372505e+00
6.493948830040676690e+00
6.517309771409776076e+00
6.475263594166102088e+00
6.437085192491514007e+00
6.349766374392909363e+00
6.343164285933394986e+00
6.297313195545157782e+00
6.379275084543728269e+00
6.301423633672635027e+00
6.210737500672192546e+00
6.206130830169466428e+00
6.276504713020044868e+00
6.251024410721496949e+00
6.163840868982527255e+00
6.157228017360527161e+00
6.151138848366533018e+00
6.128124333044681293e+00
6.098823896109252019e+00
6.107911314953729409e+00
5.977680763837785349e+00
6.061090517081933804e+00
5.966857867984018959e+00
6.066776806410461909e+00
5.996688053347520864e+00
5.944923552757021668e+00
5.910096690011143572e+00
5.914553991182851078e+00
5.884407234268691944e+00
5.947421957490888644e+00
5.931878346936891866e+00
5.864763966288217389e+00
5.805299173852750627e+00
5.913587970015765194e+00
5.803809301679138777e+00
5.829900369926566128e+00
5.802056792898974358e+00
5.799377271825272295e+00
5.759444202805333646e+00
5.802015115483713181e+00
5.764995917059015262e+00
5.797241131879447451e+00
5.701141131521924699e+00
5.698195369087488693e+00
5.714502094022650525e+00
5.715408032471411381e+00
5.749198537687393973e+00
5.724677104352257295e+00
5.734500684594231679e+00
5.625672135974633115e+00
5.707941321246818411e+00
5.647072823514866613e+00
5.737669221521082719e+00
5.626172732216585537e+00
5.645741946331560790e+00
5.628509492178716656e+00
5.703623527991532605e+00
5.578378057156922587e+00
5.619927199010022356e+00
5.583372303391032077e+00
5.566788892739353400e+00
5.614513691219958247e+00
5.584440849655364580e+00
5.550873116554474684e+00
5.532052099259947120e+00
5.676994710240349740e+00
5.478657798716229266e+00
5.631081315014444755e+00
